10.0 0.8085671664078007 1.8379293523942994
1.0 1.0399521755076415 2.4331641805612585
0.1 0.8927832691971339 2.37858453636994
0.010000000000000002 0.9425981035801663 2.4752771662278343
0.0010000000000000002 0.907549507881954 2.0443818775031195
0.00010000000000000002 0.9412664855714954 2.36439903289925
1.0000000000000003e-05 1.0058992874131365 2.153243214867313
1.0000000000000004e-06 0.9555725677629543 1.3655822908368134
1.0000000000000004e-07 0.8460570496764811 0.8215216266980343
1.0000000000000005e-08 0.961002907998878 1.1290424282934939
1.0000000000000005e-09 0.8849769087823811 0.925007992965231
1.0000000000000006e-10 0.980377575676997 1.1409092720386933
1.0000000000000006e-11 0.9137160999074037 1.0286693700646372
1.0000000000000006e-12 0.8942191086136857 0.8014906755518317
1.0000000000000007e-13 0.7773152667708675 0.7969646280238278
1.0000000000000008e-14 0.7466406549082599 0.7904906226285945
1.0000000000000009e-15 0.728424402958334 0.9091055563083195
1.0000000000000008e-16 0.9404032271468811 1.1322893330166928
1.000000000000001e-17 0.7995373826832306 0.7198437961882536
1.000000000000001e-18 0.7377494944152613 0.6932151871970291
10.0 0.7484643179240421 1.5659224519343593
1.0 0.9972665722201648 2.4952083140221353
0.1 1.0007958372070205 2.3003942936373742
0.010000000000000002 0.8461418326780433 2.4262329642653366
0.0010000000000000002 0.8976168184803033 2.5642334367872617
0.00010000000000000002 0.9851762521347079 2.8306258405211087
1.0000000000000003e-05 0.8242660485072347 2.2830452739928435
1.0000000000000004e-06 0.9259696945634442 1.196546236757404
1.0000000000000004e-07 0.8839912585855424 1.3845127330743423
1.0000000000000005e-08 1.0258256060406232 1.4294089152270986
1.0000000000000005e-09 0.8543836672935109 1.2051799259660718
1.0000000000000006e-10 0.9318849244135451 1.7052519739367615
1.0000000000000006e-11 1.1022472091126432 1.406338449539482
1.0000000000000006e-12 0.8809239226170713 1.0745431818830575
1.0000000000000007e-13 0.6880273383183643 0.7445365074544562
1.0000000000000008e-14 0.7954274894475025 1.1815491509264553
1.0000000000000009e-15 0.9274311319335601 1.1612325947469124
1.0000000000000008e-16 0.9553519309083235 1.2340929445664002
1.000000000000001e-17 0.8237091033841305 1.2879266161592755
1.000000000000001e-18 0.8286269159331254 1.450758720355337
10.0 0.8617371164177486 1.6783496229283508
1.0 0.8494906731620292 1.4226376602772492
0.1 0.7658328101395132 2.1215998113896766
0.010000000000000002 0.7734622556462436 1.6182979429606026
0.0010000000000000002 0.7176997216490595 1.5398310990392539
0.00010000000000000002 0.7310051171512282 1.715363372041715
1.0000000000000003e-05 0.8436015184279892 1.6806410063899466
1.0000000000000004e-06 0.7676327017124754 0.8427461190441607
1.0000000000000004e-07 0.7741929103113243 0.8010833016907837
1.0000000000000005e-08 0.6526229075104713 1.1100890866943347
1.0000000000000005e-09 0.9526550570062317 0.8346826104568857
1.0000000000000006e-10 0.7984584665299648 0.7591074057020653
1.0000000000000006e-11 0.6730151759903594 0.7572795032911119
1.0000000000000006e-12 0.6497367710971748 0.866406573392452
1.0000000000000007e-13 1.0616780329786375 0.9954052321666181
1.0000000000000008e-14 1.0336174771497326 0.9665598267399721
1.0000000000000009e-15 0.8905291435753089 0.7399930407557404
1.0000000000000008e-16 0.7802356401321084 0.7364624877951255
1.000000000000001e-17 0.8899419347622681 0.679688753923533
1.000000000000001e-18 0.8435835462703525 1.0792019343680683
10.0 0.8236688822981666 1.7688733796803935
1.0 1.0609783126488654 2.521088461916825
0.1 0.9217685044769369 1.7445523919382524
0.010000000000000002 0.7773817939195494 1.5437726595240662
0.0010000000000000002 0.6684400277503629 1.592447544893632
0.00010000000000000002 0.7127488432482495 2.0807032388795728
1.0000000000000003e-05 0.78977306165514 1.384823077724595
1.0000000000000004e-06 0.7767423499499145 0.9827629587667916
1.0000000000000004e-07 0.6476810155937673 0.8262932233079765
1.0000000000000005e-08 0.812448562541422 0.9744700322421653
1.0000000000000005e-09 0.6354946092413292 0.7049265757096669
1.0000000000000006e-10 0.8466171554875276 0.8279843256149687
1.0000000000000006e-11 0.6133154749890262 0.7369418283005577
1.0000000000000006e-12 0.821292858315658 0.6847705525035914
1.0000000000000007e-13 0.6079765865193375 0.9504498266214172
1.0000000000000008e-14 0.6892868327698923 0.8374835621815937
1.0000000000000009e-15 0.8209174907546734 0.8725515054966635
1.0000000000000008e-16 0.8030053775166469 0.9256714412516338
1.000000000000001e-17 0.6964672836695395 0.6066102320910043
1.000000000000001e-18 0.60388757679327 0.4161870418313439
10.0 0.9706586702159455 1.364005308056238
1.0 0.9637981238275738 1.8817209634709966
0.1 1.0500247974173733 1.9412624870172508
0.010000000000000002 0.8458750771300765 2.601389729999757
0.0010000000000000002 1.002005406184167 2.175756334913449
0.00010000000000000002 0.9889499067910181 2.4461740443546027
1.0000000000000003e-05 1.058306581246205 1.7256099512197702
1.0000000000000004e-06 0.9373860881379448 1.2922783989340065
1.0000000000000004e-07 0.9834687667216179 0.8325070722133846
1.0000000000000005e-08 0.9402348442279523 0.9635186383473375
1.0000000000000005e-09 0.9857400552061807 0.7523375089416376
1.0000000000000006e-10 0.6983023089773964 0.9138455367469335
1.0000000000000006e-11 0.9584866520139284 0.8823420674319635
1.0000000000000006e-12 0.7221849169381057 0.7140985386321824
1.0000000000000007e-13 0.9251993523048703 0.9252472909206438
1.0000000000000008e-14 1.1190298476499974 0.8803270279437332
1.0000000000000009e-15 0.7949928338876779 0.8843764214502846
1.0000000000000008e-16 0.7735599355676217 1.1425203002336886
1.000000000000001e-17 1.055000034475132 0.7010596228283384
1.000000000000001e-18 0.8551452077503318 0.7199332779891068
10.0 0.8198224230399712 2.0978693989544643
1.0 1.141044405182365 2.1220926673888805
0.1 0.9465513369338424 1.830111196733551
0.010000000000000002 1.1116402409434176 2.849850765019967
0.0010000000000000002 1.233227275409361 3.1260753684179026
0.00010000000000000002 1.1845358135869932 2.8220463842935914
1.0000000000000003e-05 1.1765285691526441 2.2590945499710475
1.0000000000000004e-06 1.3550460970686904 1.893224543989958
1.0000000000000004e-07 1.3726314802823814 1.555353120510105
1.0000000000000005e-08 1.3781213629711575 1.603346228505466
1.0000000000000005e-09 1.3524245196131524 1.3935679464880781
1.0000000000000006e-10 1.368809727699632 1.3023366290378722
1.0000000000000006e-11 1.1645041099284312 1.0437221176731966
1.0000000000000006e-12 1.0876731158304236 1.1340265764625002
1.0000000000000007e-13 1.102287084963244 1.339849762114347
1.0000000000000008e-14 1.2579916480834772 1.4389375754531994
1.0000000000000009e-15 0.9514338817128108 0.9005736935812019
1.0000000000000008e-16 1.2616128730248524 1.4411423235794472
1.000000000000001e-17 1.1491998075507632 0.8688871786924702
1.000000000000001e-18 0.9796209376773687 0.9737961652487983
10.0 0.9768709427057872 2.3501162987731004
1.0 1.101167666532465 3.1224536569881884
0.1 0.9552286593094388 2.4272187772464475
0.010000000000000002 0.9531471868783928 3.3575808972055428
0.0010000000000000002 1.270262791660336 3.444763926073692
0.00010000000000000002 1.1803212080536714 3.9967526244030434
1.0000000000000003e-05 1.3571524767813747 3.4374977438460497
1.0000000000000004e-06 1.2858801941755111 2.3738835576990542
1.0000000000000004e-07 1.2797911565213849 1.7129412057055742
1.0000000000000005e-08 1.2056479775579059 1.8741944483616064
1.0000000000000005e-09 1.287004374160613 1.6342781669737871
1.0000000000000006e-10 1.290435441686163 1.824071532472518
1.0000000000000006e-11 1.2054706688579868 1.7350768725618075
1.0000000000000006e-12 1.3514457046992414 1.6974943034809826
1.0000000000000007e-13 1.3240573210233428 1.694607092746102
1.0000000000000008e-14 1.2651023695966077 1.7312060926031754
1.0000000000000009e-15 1.2934838628230965 1.8187061524712136
1.0000000000000008e-16 1.349727141443554 1.9873932222513404
1.000000000000001e-17 1.3061563067679094 1.6612438606307196
1.000000000000001e-18 1.229855509962654 1.8014275865498726
10.0 0.7447612735233621 1.675938657161735
1.0 0.8728260545100638 2.197259157474372
0.1 0.89897696082788 2.3135159221823716
0.010000000000000002 0.7191800945777977 2.2400266867027403
0.0010000000000000002 0.8583772318628409 2.306018167644468
0.00010000000000000002 0.8421713254855596 2.309958971990527
1.0000000000000003e-05 0.9332533015717817 2.005663472805192
1.0000000000000004e-06 0.8762913391474778 1.3799731559913846
1.0000000000000004e-07 0.8576080432293124 1.055840452901135
1.0000000000000005e-08 0.876983158568607 1.1025913771595068
1.0000000000000005e-09 0.8744355691259192 0.9552626401660633
1.0000000000000006e-10 0.8635727761737455 1.0676032823745698
1.0000000000000006e-11 0.8095831045557367 1.006886881379291
1.0000000000000006e-12 0.907867467248649 0.9877299953060383
1.0000000000000007e-13 0.8939408747416133 0.9878590751297227
1.0000000000000008e-14 0.8450218691213314 0.9839025117162397
1.0000000000000009e-15 0.8545455706926854 1.055498896436386
1.0000000000000008e-16 0.9219929901900223 1.1480940374528312
1.000000000000001e-17 0.8899198286306838 0.8955693955148705
1.000000000000001e-18 0.8024994660862805 1.0110765641372013
10.0 0.7282079360765524 1.6569292490755552
1.0 0.935376436104462 2.1568666419196103
0.1 0.9223797539031326 2.438491615975703
0.010000000000000002 0.8837202653292611 2.359617241301753
0.0010000000000000002 0.8944534535555504 2.252569600895752
0.00010000000000000002 0.8750760766214957 2.481224728628391
1.0000000000000003e-05 0.9518237643918629 1.9729980859191072
1.0000000000000004e-06 0.8674089439784892 1.2997123742397259
1.0000000000000004e-07 0.811996663805157 0.9980049315625463
1.0000000000000005e-08 0.9127942253880241 1.1467697196400164
1.0000000000000005e-09 0.8713664980537315 0.9439689381163417
1.0000000000000006e-10 0.913570131520272 1.1080058768490326
1.0000000000000006e-11 0.8499943272450774 0.980053362415152
1.0000000000000006e-12 0.48993115359413575 0.6663431305343616
1.0000000000000007e-13 0.7785665687606013 0.5282958904303761
1.0000000000000008e-14 0.7474872803001481 0.8483623434994955
1.0000000000000009e-15 0.8290085462970346 1.0364396734500025
1.0000000000000008e-16 0.9154576709758979 1.1336213891553046
1.000000000000001e-17 0.866561254479584 0.9256786742526985
1.000000000000001e-18 0.7432320034730855 0.955959369332337
10.0 0.9080427070064438 2.3174505595589188
1.0 1.0832427315837188 2.689554729675453
0.1 1.039192837693088 2.9690602915494106
0.010000000000000002 1.0060149433749472 3.1166141911481713
0.0010000000000000002 1.168520388621083 3.4531288872985972
0.00010000000000000002 1.13599450111525 3.3413403904927126
1.0000000000000003e-05 1.2420378577393587 2.889089251192459
1.0000000000000004e-06 1.084929565051339 1.7281849409945444
1.0000000000000004e-07 0.8768113774196712 1.5049404572982237
1.0000000000000005e-08 0.8838793169577139 1.3573508886162309
1.0000000000000005e-09 0.9113315870578853 1.2249112151507429
1.0000000000000006e-10 0.9448614262941245 1.3835757980149896
1.0000000000000006e-11 1.0200871908939173 1.4376694560126806
1.0000000000000006e-12 1.1153593440259235 1.2846226655023674
1.0000000000000007e-13 1.157324163585666 1.3124710601759542
1.0000000000000008e-14 0.9240300804029871 1.1399522784470624
1.0000000000000009e-15 1.0888818942678673 1.3634022220663562
1.0000000000000008e-16 0.9915744282777218 1.456411918972802
1.000000000000001e-17 1.148291106827706 1.0833790409651762
1.000000000000001e-18 0.8292604086798291 1.1289227099559689
10.0 0.8036494173025378 2.1412852408109644
1.0 0.9768268285009183 2.007454313859152
0.1 0.7975872141681876 2.089271726055838
0.010000000000000002 0.8268466354776666 3.1660495896140337
0.0010000000000000002 1.001280892285316 2.889564271381486
0.00010000000000000002 0.9601251051628995 3.222896738282416
1.0000000000000003e-05 1.190020188006481 2.622606280347999
1.0000000000000004e-06 0.9122029683248776 1.6693472891565706
1.0000000000000004e-07 0.819082535758966 1.3622973378569883
1.0000000000000005e-08 0.8120545706184042 1.3214222064460037
1.0000000000000005e-09 1.0711048983750115 1.0152339057038327
1.0000000000000006e-10 0.9522781675918904 1.1275828791793052
1.0000000000000006e-11 1.0456212832375764 1.431210142371851
1.0000000000000006e-12 1.0417889782844798 1.5000169843748772
1.0000000000000007e-13 1.167754855379275 1.3788324944772703
1.0000000000000008e-14 1.092996372728167 1.540646075617992
1.0000000000000009e-15 1.0872259170491203 1.5096179333568427
1.0000000000000008e-16 1.1434566456748914 1.7305215952680177
1.000000000000001e-17 1.1677380749887425 1.4535120397387182
1.000000000000001e-18 1.0606905708041998 1.4804779625007762
10.0 0.6589501260549007 1.451692542345505
1.0 0.8140396269749275 2.0556072857132
0.1 0.8904360482409595 2.148769021894353
0.010000000000000002 0.8394654437122888 2.285570350436416
0.0010000000000000002 0.8983198554523109 2.4242025913301104
0.00010000000000000002 0.8351671511522856 1.9103890901789615
1.0000000000000003e-05 0.7851182315619084 1.823870997779644
1.0000000000000004e-06 0.786774962058257 1.3505249743219083
1.0000000000000004e-07 0.5653800959457894 0.9229833280631974
1.0000000000000005e-08 0.7158669895062275 0.9367841398793768
1.0000000000000005e-09 0.8075202240720967 0.9231063254283761
1.0000000000000006e-10 0.8511870360142308 1.0425151333730014
1.0000000000000006e-11 0.8582215612481714 0.9056555399852773
1.0000000000000006e-12 0.9200943204976366 0.9372240401381763
1.0000000000000007e-13 0.9814010901327344 0.9983687440031876
1.0000000000000008e-14 0.8338026681151993 0.8894297656294161
1.0000000000000009e-15 0.871204965632381 0.9917028124958535
1.0000000000000008e-16 0.8436792012141012 1.0513898681051939
1.000000000000001e-17 0.7469750543229033 0.8055156593537497
1.000000000000001e-18 0.766970737466604 0.8960484707294304
10.0 0.7421269691220568 1.067072548127893
1.0 0.9049782035446446 2.2257992766085035
0.1 0.8938140489647636 2.02932976089154
0.010000000000000002 0.8678327867633434 2.472782231843564
0.0010000000000000002 0.9048470009655267 2.493979472194119
0.00010000000000000002 0.8873455223284358 2.5361293395632543
1.0000000000000003e-05 0.976637176751374 2.104735432343748
1.0000000000000004e-06 0.9069763180711123 1.466043165217106
1.0000000000000004e-07 0.8713724499915547 1.1299518676195626
1.0000000000000005e-08 0.8951743495459461 1.1656735666500342
1.0000000000000005e-09 0.895165557441939 1.0264754465937835
1.0000000000000006e-10 0.879826319090328 1.1504917029938633
1.0000000000000006e-11 0.861609816390592 1.04615648669137
1.0000000000000006e-12 0.9534666307327935 1.0656531861573
1.0000000000000007e-13 0.9432774282661521 1.0648149603447095
1.0000000000000008e-14 0.8984602717502536 1.074188863432867
1.0000000000000009e-15 0.7017535218807089 1.139671403487367
1.0000000000000008e-16 0.9657514639475993 1.1870448336523773
1.000000000000001e-17 0.9026640811619993 1.038811671577469
1.000000000000001e-18 0.8601466818324877 1.1039823800329016
10.0 0.7694770718975249 1.7740458215519066
1.0 0.9446838008071734 2.3632093839026598
0.1 0.915699309827813 2.34673288571307
0.010000000000000002 0.8887848626148849 2.437853809263253
0.0010000000000000002 0.8819606268464097 2.268486527154146
0.00010000000000000002 0.806489225254255 2.1647951635878897
1.0000000000000003e-05 0.929375834068313 2.0585976117101
1.0000000000000004e-06 0.8868153515772561 1.4354987517843836
1.0000000000000004e-07 0.895395398119042 1.1182024278459988
1.0000000000000005e-08 0.9088837362095336 1.1786563055935604
1.0000000000000005e-09 0.9009172270099811 1.005236919557348
1.0000000000000006e-10 0.7518481306081286 1.0146656616391476
1.0000000000000006e-11 0.8296957265869944 1.0401727961432885
1.0000000000000006e-12 0.9141468890733563 1.0031123074143904
1.0000000000000007e-13 0.9152203780358482 0.9475399286521012
1.0000000000000008e-14 0.8667407965622402 1.0297255159434882
1.0000000000000009e-15 0.8756208151568506 1.0965902696446108
1.0000000000000008e-16 0.9258106705682849 1.1840982293012006
1.000000000000001e-17 0.8960136421972753 1.016746729631196
1.000000000000001e-18 0.80594338120837 1.0831318891895139
10.0 0.7437776866557729 1.6616385668141676
1.0 0.9210707064093135 2.1783857789410903
0.1 0.8672320410377071 2.1696425524030563
0.010000000000000002 0.8514139560162198 2.286845037777593
0.0010000000000000002 0.879571703638669 2.311739746137931
0.00010000000000000002 0.8483488676272983 2.3407365259775132
1.0000000000000003e-05 0.9550867145485994 1.9929132462355819
1.0000000000000004e-06 0.8752518897948672 1.3538357236195915
1.0000000000000004e-07 0.8398303582529398 1.0390770215111012
1.0000000000000005e-08 0.8858637380416227 1.104231458096424
1.0000000000000005e-09 0.855274962136734 0.935626488269936
1.0000000000000006e-10 0.8693629269860658 1.0339714768866195
1.0000000000000006e-11 0.8092523688047998 0.9720654220715388
1.0000000000000006e-12 0.9086066211693299 0.9642079199964898
1.0000000000000007e-13 0.9075509999115389 0.9708750679781751
1.0000000000000008e-14 0.8645917752458993 0.7287565393364666
1.0000000000000009e-15 0.8672178481360208 1.0359632420930263
1.0000000000000008e-16 0.9169559270789915 1.1209385269862195
1.000000000000001e-17 0.8754532091797355 0.954002528764834
1.000000000000001e-18 0.8260188327360105 1.026613254563555
10.0 0.7484329496907094 1.71787054910369
1.0 0.9316443847936515 2.282903573650319
0.1 0.9004501720546392 2.270147935434874
0.010000000000000002 0.8419293788208136 2.3319261583054836
0.0010000000000000002 0.8802173072217992 2.3412813760515814
0.00010000000000000002 0.8576833224177721 2.3785743450715935
1.0000000000000003e-05 0.9407553428412684 2.0144437165464404
1.0000000000000004e-06 0.8895972083602299 1.4081444635831084
1.0000000000000004e-07 0.8683584528796016 1.0857763898388135
1.0000000000000005e-08 0.8604166857416364 1.1046077165146446
1.0000000000000005e-09 0.8554816308458205 0.7871609873198244
1.0000000000000006e-10 0.8902565968789318 1.068110808171397
1.0000000000000006e-11 0.8191784021364845 1.0081649702591318
1.0000000000000006e-12 0.9219740010883485 1.0019186717158928
1.0000000000000007e-13 0.9061107643047909 0.9764556447642607
1.0000000000000008e-14 0.8365164936931772 1.0208199758182273
1.0000000000000009e-15 0.8406532873278786 1.0289879935265451
1.0000000000000008e-16 0.9162964652821569 1.1178944969406535
1.000000000000001e-17 0.8948122663723821 0.9843870447745169
1.000000000000001e-18 0.8356273404292016 1.0503738526691584
10.0 0.7390458966660624 1.77368404276504
1.0 0.9283384733638568 2.362613812206024
0.1 0.9188688500840025 2.4419067026132217
0.010000000000000002 0.8527281461720567 2.303985789604651
0.0010000000000000002 0.8421844111427121 2.3437666028062445
0.00010000000000000002 0.6986752769776438 2.171870139315314
1.0000000000000003e-05 0.9415495560942264 2.1091046167425214
1.0000000000000004e-06 0.8666319127538282 1.409385964186364
1.0000000000000004e-07 0.8624829222750791 1.0986060336661478
1.0000000000000005e-08 0.8682118726046446 1.1252992595122826
1.0000000000000005e-09 0.8586017941208556 0.9669595884276061
1.0000000000000006e-10 0.8703487477223326 1.0818224148043292
1.0000000000000006e-11 0.8227102767157013 1.0497289856480063
1.0000000000000006e-12 0.9214782664697556 1.0293805902968884
1.0000000000000007e-13 0.9242206682958862 1.0120909803865072
1.0000000000000008e-14 0.8528155820455837 1.0093186129096794
1.0000000000000009e-15 0.8701465247017236 1.1285005571013302
1.0000000000000008e-16 0.880519666932797 1.2073653015563053
1.000000000000001e-17 0.8961957959718793 1.0096136106710432
1.000000000000001e-18 0.8218463350112869 0.8661223036771856
10.0 0.7530317409664694 1.6956170828671533
1.0 0.9188337536787609 2.2478780451402827
0.1 0.8961449058313252 2.303885103254879
0.010000000000000002 0.8595313617539279 2.3120433387400094
0.0010000000000000002 0.8774258808003675 2.3095715510002384
0.00010000000000000002 0.849561969003092 2.3240657912466696
1.0000000000000003e-05 0.931875856197065 1.9797312233060755
1.0000000000000004e-06 0.8834132150080617 1.355997931550974
1.0000000000000004e-07 0.8676937799256593 1.0406258660903631
1.0000000000000005e-08 0.8786614876527129 1.0817263698733373
1.0000000000000005e-09 0.8655932904606131 0.9213798306462758
1.0000000000000006e-10 0.8237685284017675 1.0523778922205898
1.0000000000000006e-11 0.8166254752908747 0.983683070739748
1.0000000000000006e-12 0.8795562657939587 0.9665538399352397
1.0000000000000007e-13 0.9087468580225131 0.9856711111963212
1.0000000000000008e-14 0.7147226360667377 0.993817692466399
1.0000000000000009e-15 0.8728783869607971 1.0579683676150737
1.0000000000000008e-16 0.9276218239020931 1.135120406087922
1.000000000000001e-17 0.8884236060090468 0.956088996115039
1.000000000000001e-18 0.8295864965451852 0.9794109651873693
10.0 0.738699824108593 1.7703240539019094
1.0 0.9052018524153511 2.3073870878819096
0.1 0.9134223220644596 2.425109790526646
0.010000000000000002 0.8408967349635746 2.3952237577987874
0.0010000000000000002 0.8551402377027684 2.3638487763529596
0.00010000000000000002 0.8357730115542314 2.4176302705764163
1.0000000000000003e-05 0.9343835436077356 2.04915643525283
1.0000000000000004e-06 0.8730026846080062 1.4136104460221472
1.0000000000000004e-07 0.850021113466446 1.0966485103757222
1.0000000000000005e-08 0.8834608128759355 1.1322080219220523
1.0000000000000005e-09 0.7446994332537151 0.9914175672527452
1.0000000000000006e-10 0.8739445368002972 1.0949115768830175
1.0000000000000006e-11 0.8273720506955528 1.0162412569442834
1.0000000000000006e-12 0.8952036091653804 1.005034647052897
1.0000000000000007e-13 0.916580605589724 1.0204904538237871
1.0000000000000008e-14 0.8706673840683895 1.0348186359735685
1.0000000000000009e-15 0.8697066634969218 1.0808199566724925
1.0000000000000008e-16 0.9148758475510249 1.1711985167037056
1.000000000000001e-17 0.8752070328457187 0.9897821194291586
1.000000000000001e-18 0.8199542041294821 0.9712944692654374
10.0 0.8093957737508554 1.760625590634881
1.0 1.033895205717159 2.358127303281832
0.1 0.9983732547089355 2.4544256897252494
0.010000000000000002 0.9630648657008912 2.431029333785819
0.0010000000000000002 0.8281356976838666 2.3426796001885335
0.00010000000000000002 0.9552158727356148 2.4861855611066477
1.0000000000000003e-05 1.0421373168707644 2.1011789551645057
1.0000000000000004e-06 0.988420408643779 1.4580593274868012
1.0000000000000004e-07 0.9685212731304448 1.1193054852694821
1.0000000000000005e-08 0.9797446028118432 1.166478861542708
1.0000000000000005e-09 0.9629290620717252 1.0091277420777183
1.0000000000000006e-10 0.9907073171635998 1.1466968061776261
1.0000000000000006e-11 0.9205070202889895 1.063365268876641
1.0000000000000006e-12 0.9817634097907715 1.0307578717143484
1.0000000000000007e-13 1.0379379308038676 1.0512061530221237
1.0000000000000008e-14 0.9774002368342456 1.0707812528027074
1.0000000000000009e-15 0.9855840454926689 1.13640026730492
1.0000000000000008e-16 1.0238084291034557 1.1983227875893392
1.000000000000001e-17 0.9927837909263666 1.0120593356186605
1.000000000000001e-18 0.8230576940538187 1.0160598744088425
