10.0 0.7422756371850405 1.4018495623035998
1.0 0.8967651295137896 1.861950789882377
0.1 0.8387807723887584 1.9314527293997736
0.010000000000000002 0.8194814189459604 1.8976405566722914
0.0010000000000000002 0.8256782840967702 1.8584162539660356
0.00010000000000000002 0.8110233094859879 1.914212975837982
1.0000000000000003e-05 0.8845826207596406 1.8838021550868882
1.0000000000000004e-06 0.8648932065801634 1.2441321430071348
1.0000000000000004e-07 0.8281372387626936 1.0207786611115002
1.0000000000000005e-08 0.7734880203105529 0.879600746368931
1.0000000000000005e-09 0.8123370489358469 1.0259868193919122
1.0000000000000006e-10 0.8576716385374112 0.9777876426945707
1.0000000000000006e-11 0.8207962586384282 1.0170827843804235
1.0000000000000006e-12 0.8593987094408 0.9140886283134944
1.0000000000000007e-13 0.8167394487334833 0.9788456475098559
1.0000000000000008e-14 0.8595712440211959 0.9376949792810098
1.0000000000000009e-15 0.8742568013933097 0.9277626494699499
1.0000000000000008e-16 0.9076499424135868 0.9498687287459187
1.000000000000001e-17 0.8836082580019571 0.9287967540432082
1.000000000000001e-18 0.8567698097855224 0.9959085371121155
10.0 0.7393705499128584 1.4114158853355663
1.0 0.8828576602175701 1.860169775538286
0.1 0.8205751655026663 1.9307703388679085
0.010000000000000002 0.8570245582671168 1.947432574615884
0.0010000000000000002 0.8545831468813816 1.7564826638769029
0.00010000000000000002 0.7464559851458133 1.8475400489029727
1.0000000000000003e-05 0.8501051316687833 1.8453482882556584
1.0000000000000004e-06 0.8645919202495153 1.2505125507680375
1.0000000000000004e-07 0.8153455265826719 1.0881627904616666
1.0000000000000005e-08 0.8658334719365807 0.9815598003064143
1.0000000000000005e-09 0.8459771848112536 1.0324689833443519
1.0000000000000006e-10 0.8613357848088342 0.9947474531093383
1.0000000000000006e-11 0.8471947345538672 1.024556049889106
1.0000000000000006e-12 0.8732292100495583 0.9514942493036624
1.0000000000000007e-13 0.8142841766086583 0.9783405704237327
1.0000000000000008e-14 0.8731398033177266 0.9756556045918119
1.0000000000000009e-15 0.8954958126690626 0.9004353377446032
1.0000000000000008e-16 0.9306426164349424 0.9787521741150854
1.000000000000001e-17 0.874007496164151 0.95960819417486
1.000000000000001e-18 0.8623152155548116 1.0139391842375034
10.0 0.6691290187172763 1.186201970497463
1.0 0.8440556403907595 1.6628723701800885
0.1 0.8168467368718401 1.8408260985224059
0.010000000000000002 0.8333953279705605 1.902868982791349
0.0010000000000000002 0.8247100270993192 1.831080558837401
0.00010000000000000002 0.7935791699865571 1.8556445592558433
1.0000000000000003e-05 0.8597143631790547 1.7912039162285083
1.0000000000000004e-06 0.842529200862319 1.201940574437783
1.0000000000000004e-07 0.8057704061130231 1.0407965007618831
1.0000000000000005e-08 0.8407900901950948 0.9261458095438504
1.0000000000000005e-09 0.824408885808537 1.0069922911735607
1.0000000000000006e-10 0.8239435631251385 0.9429692202590174
1.0000000000000006e-11 0.8274611399876693 0.9800059222638497
1.0000000000000006e-12 0.8442947981284941 0.9038951047807557
1.0000000000000007e-13 0.8104054204936226 0.923590165069176
1.0000000000000008e-14 0.8669439870743804 0.9346351973488222
1.0000000000000009e-15 0.8789854888002767 0.8886765755984278
1.0000000000000008e-16 0.9033139170976362 0.8317182548411156
1.000000000000001e-17 0.8553887112127582 0.9019819313010256
1.000000000000001e-18 0.8550010805638157 0.9931156143888537
10.0 0.7561853007730138 1.41304510893861
1.0 0.9157846789245242 1.9021993212499262
0.1 0.8474555592619163 1.8868722321062545
0.010000000000000002 0.8453843822346832 1.913225362443183
0.0010000000000000002 0.8487766727998177 1.8621833646170363
0.00010000000000000002 0.8020169522773558 1.9221313819240926
1.0000000000000003e-05 0.8941066931939434 1.8940853985354182
1.0000000000000004e-06 0.8675623301098403 1.2534125089241566
1.0000000000000004e-07 0.8305474140252933 1.0766756117437093
1.0000000000000005e-08 0.8700179367136499 0.9586549696322255
1.0000000000000005e-09 0.8452242297707196 1.0288447287314226
1.0000000000000006e-10 0.8621793696518829 0.9731810192150097
1.0000000000000006e-11 0.8377663990354158 1.008660827578196
1.0000000000000006e-12 0.8701790894862692 0.8893091357920346
1.0000000000000007e-13 0.7057611142944876 0.8822646371076025
1.0000000000000008e-14 0.7847052341193267 0.8892422724289523
1.0000000000000009e-15 0.8423838157876823 0.8038115803011858
1.0000000000000008e-16 0.8201881294804673 0.8450905576982318
1.000000000000001e-17 0.7815628141697376 0.8770688481810545
1.000000000000001e-18 0.7906743893330894 0.9205211916363276
10.0 0.7579502868023498 1.4009445784771242
1.0 0.9353276455392682 1.8928607288400412
0.1 0.8392876013692022 1.9188076337162308
0.010000000000000002 0.8806938215717657 1.9187168326053563
0.0010000000000000002 0.8614552242513909 1.8817029802891705
0.00010000000000000002 0.8222313926559294 1.8683855107434761
1.0000000000000003e-05 0.9064775423599645 1.8929911831674269
1.0000000000000004e-06 0.8944618820905775 1.2453979833595348
1.0000000000000004e-07 0.8370677590876009 1.0829273018097707
1.0000000000000005e-08 0.779396066865691 0.9204106149206879
1.0000000000000005e-09 0.8171256659246291 0.9972831004278755
1.0000000000000006e-10 0.8429030305437398 0.9897081708707874
1.0000000000000006e-11 0.8420053700865436 1.0257020134853405
1.0000000000000006e-12 0.8767095227957514 0.9502820154970413
1.0000000000000007e-13 0.8453390541341242 0.9989197080063617
1.0000000000000008e-14 0.8898818668441789 0.9788108965196952
1.0000000000000009e-15 0.8955602376338591 0.9391295827951865
1.0000000000000008e-16 0.9407851898504138 1.0429993550709207
1.000000000000001e-17 0.9398445839306128 1.009010886179101
1.000000000000001e-18 0.9180319423995049 1.0891431750979066
10.0 0.7572500400690729 1.4310336181063124
1.0 0.9100720852805522 1.8281475923084922
0.1 0.812036986092996 1.8661058996062492
0.010000000000000002 0.8228925183586119 1.8514366259783874
0.0010000000000000002 0.8013997332464552 1.436035994227375
0.00010000000000000002 0.7105104114175866 1.7821216849140684
1.0000000000000003e-05 0.7751592660145293 1.6907883532403833
1.0000000000000004e-06 0.8140153689033703 1.1689067123367307
1.0000000000000004e-07 0.7827759524079283 1.014461277959638
1.0000000000000005e-08 0.814247003051392 0.9098845462875503
1.0000000000000005e-09 0.7910193169509164 0.9633006065793249
1.0000000000000006e-10 0.8009140869488082 0.9260556161325922
1.0000000000000006e-11 0.7877240539439692 0.946745406954509
1.0000000000000006e-12 0.829657733135745 0.8766870769487195
1.0000000000000007e-13 0.7850346015063149 0.9100028720618655
1.0000000000000008e-14 0.8181566052165126 0.9048856211322246
1.0000000000000009e-15 0.8431763954699735 0.8292739207707591
1.0000000000000008e-16 0.8555345044768089 0.8294116162517177
1.000000000000001e-17 0.8335446405512977 0.9245211199238246
1.000000000000001e-18 0.8642233272221748 1.0005551440267006
10.0 0.8019472237116111 1.487415205680638
1.0 1.0106487002469944 1.9342751687400217
0.1 0.9255584253882349 2.0186160374234317
0.010000000000000002 0.9414056697040274 2.037561530984558
0.0010000000000000002 0.9299700738089035 1.9648482926525754
0.00010000000000000002 0.8889878661897347 1.9108303976314507
1.0000000000000003e-05 0.9355950239792021 1.8233775116170083
1.0000000000000004e-06 0.9117405656839784 1.2201442170230128
1.0000000000000004e-07 0.8475084321937224 1.0325230537839003
1.0000000000000005e-08 0.8990159836930993 0.9374232973740697
1.0000000000000005e-09 0.8859577388465243 0.959536056100467
1.0000000000000006e-10 0.8897244672633426 0.9582203926362208
1.0000000000000006e-11 0.8864277010929856 0.9633988042154191
1.0000000000000006e-12 0.8828625540172882 0.8734434380686292
1.0000000000000007e-13 0.8545511446679381 0.9439282488934005
1.0000000000000008e-14 0.8945248750889955 0.8865640693482812
1.0000000000000009e-15 0.832628725612327 0.8455018818019695
1.0000000000000008e-16 0.8937852088780185 0.9370162940977829
1.000000000000001e-17 0.8995743773656243 0.899867797408491
1.000000000000001e-18 0.8740886240471016 0.9638785920547474
10.0 0.7435907725518635 1.3505635481304101
1.0 0.9260163635442074 1.8253626204316753
0.1 0.851359029553078 1.9298746995798408
0.010000000000000002 0.8594871302207109 1.89802144311649
0.0010000000000000002 0.8794730861927929 1.8758677460507134
0.00010000000000000002 0.8306778711377343 1.914235001157336
1.0000000000000003e-05 0.9131057483487561 1.9027623117161026
1.0000000000000004e-06 0.884965145202122 1.2426713316760276
1.0000000000000004e-07 0.8818984257696486 1.163336649329706
1.0000000000000005e-08 0.9451955699729703 1.048379078506763
1.0000000000000005e-09 0.9402038671965073 1.1104786060558856
1.0000000000000006e-10 0.8636451847256731 1.00957785890092
1.0000000000000006e-11 0.8843615116299015 0.9792170705588388
1.0000000000000006e-12 0.9145107837615065 0.9568111694781993
1.0000000000000007e-13 0.877200977396032 0.9855222284770399
1.0000000000000008e-14 0.903079238368976 0.9620898675037705
1.0000000000000009e-15 0.9271559204366702 0.9211709826076194
1.0000000000000008e-16 0.9391653278659399 0.9531240466396141
1.000000000000001e-17 0.894104663270801 0.9383106812999712
1.000000000000001e-18 0.8872142080636861 0.9644432824851211
10.0 0.7662745662046206 1.430712938585672
1.0 0.9208873148311169 1.878190627908286
0.1 0.8561262958845083 1.9394446397188048
0.010000000000000002 0.8788391621001183 1.9133181634152558
0.0010000000000000002 0.8660281663028766 1.8557208069503757
0.00010000000000000002 0.8487265626211014 2.0837889677675383
1.0000000000000003e-05 0.9682518510770468 1.9505753250009172
1.0000000000000004e-06 0.9296815221734352 1.3040162719361221
1.0000000000000004e-07 0.8599161368763 1.1596953189934611
1.0000000000000005e-08 0.9377753014000867 1.051623581596524
1.0000000000000005e-09 0.9339140997068768 1.138388280773942
1.0000000000000006e-10 0.9491777768105913 1.0798761501169927
1.0000000000000006e-11 0.9369174751625973 1.0928716651338872
1.0000000000000006e-12 0.9299094607556976 0.9779313130368653
1.0000000000000007e-13 0.8633941043619495 1.0048180716767157
1.0000000000000008e-14 0.8888734414519593 0.9792180324242438
1.0000000000000009e-15 0.9261961263772699 0.9364344825877994
1.0000000000000008e-16 0.9489262988427505 0.9714465879493893
1.000000000000001e-17 0.885523886439899 0.9505962492738604
1.000000000000001e-18 0.8818163158450216 0.9689840638206582
10.0 0.7693712644921937 1.399718762555243
1.0 0.9261786725569541 1.4715941319366024
0.1 0.8576153403586058 1.7890063433809498
0.010000000000000002 0.8555123418663455 1.950385138886879
0.0010000000000000002 0.8884531747967138 1.8768900989398698
0.00010000000000000002 0.8442498402684576 1.8839013239790587
1.0000000000000003e-05 0.9254214752685459 1.8477200307103498
1.0000000000000004e-06 0.9063408328926974 1.239968253453272
1.0000000000000004e-07 0.8648340656534238 1.0874890828164328
1.0000000000000005e-08 0.9025033304962756 0.974226433471186
1.0000000000000005e-09 0.8860219248533215 1.037280318880677
1.0000000000000006e-10 0.8933646860668046 0.9889354949337971
1.0000000000000006e-11 0.8955890587594871 1.0353228123126872
1.0000000000000006e-12 0.9304825917177898 0.9878874471801032
1.0000000000000007e-13 0.936368675069096 1.074245439368441
1.0000000000000008e-14 0.9888776263733795 1.0558021430503421
1.0000000000000009e-15 0.9946024216335408 1.0078951573796509
1.0000000000000008e-16 1.0444542639888965 1.018158666161696
1.000000000000001e-17 0.899619498229468 0.9559496577116378
1.000000000000001e-18 0.8836751865109899 1.0392258402805017
10.0 0.749594356350988 1.3912992001245115
1.0 0.8992566453486834 1.852092418559927
0.1 0.8138885866218718 1.8699808481143778
0.010000000000000002 0.8256225264601631 1.85206843582033
0.0010000000000000002 0.8165288597088453 1.770270499652734
0.00010000000000000002 0.800312545501464 1.8544842151433416
1.0000000000000003e-05 0.8830559277449951 1.8434286598074812
1.0000000000000004e-06 0.8620023874464278 1.2118139549971083
1.0000000000000004e-07 0.8346830697677527 1.064144424972599
1.0000000000000005e-08 0.8677938170400917 0.9448721491387017
1.0000000000000005e-09 0.8254959373664803 1.016336163088766
1.0000000000000006e-10 0.8518223758912405 0.9655444172636087
1.0000000000000006e-11 0.8370883916993094 0.9904917518346238
1.0000000000000006e-12 0.8644222892165555 0.7775690685827941
1.0000000000000007e-13 0.8066552542581399 0.9337276170647958
1.0000000000000008e-14 0.8457349620948338 0.9460233301792784
1.0000000000000009e-15 0.880774429156772 0.9184818965064875
1.0000000000000008e-16 0.9213267499376722 0.9472239178307076
1.000000000000001e-17 0.8807772239849847 0.9392193338192679
1.000000000000001e-18 0.9061180564157464 1.0854064231798384
10.0 0.7585314698711554 1.3673242274097397
1.0 0.9383827217464406 1.9028879155843839
0.1 0.8551513244335095 1.9206689180901202
0.010000000000000002 0.8706268334820745 1.8633691263389323
0.0010000000000000002 0.8352513079001213 1.7544179389276982
0.00010000000000000002 0.7914152537795148 1.7868817310895506
1.0000000000000003e-05 0.846692908473613 1.7469601355049487
1.0000000000000004e-06 0.8276405343000053 1.1473931221790015
1.0000000000000004e-07 0.8341106411901898 1.0563042548967678
1.0000000000000005e-08 0.85665164866348 0.8628112964220799
1.0000000000000005e-09 0.8337943259017027 1.0253171924748212
1.0000000000000006e-10 0.8535844582935502 0.9606828196107676
1.0000000000000006e-11 0.8737691861422612 0.9824281919579388
1.0000000000000006e-12 0.8930938814040742 0.9348371592344782
1.0000000000000007e-13 0.8571992940479309 0.9840330245271738
1.0000000000000008e-14 0.8883209350965283 0.9572016799717604
1.0000000000000009e-15 0.9094734731968008 0.9098849613984712
1.0000000000000008e-16 0.9360113049826988 0.9269699304246776
1.000000000000001e-17 0.903113725046655 0.9390627713407617
1.000000000000001e-18 0.8848520690169129 1.007505461087356
10.0 0.7435253908837922 1.4087648097843508
1.0 0.9072510103952648 1.8875966529731216
0.1 0.846676470205578 1.9441410193464537
0.010000000000000002 0.8542413849432129 1.9524640079553857
0.0010000000000000002 0.8601651027651629 1.9010617273119823
0.00010000000000000002 0.8164504069919605 1.7786223730437019
1.0000000000000003e-05 0.8034493301295191 1.9152116677761768
1.0000000000000004e-06 0.8311321730316873 1.2595548338759264
1.0000000000000004e-07 0.8397926379072803 1.1028999383409104
1.0000000000000005e-08 0.8688258092844505 0.9732817790472911
1.0000000000000005e-09 0.8518850155084706 1.0522007246951406
1.0000000000000006e-10 0.860471236302039 0.9892845048973423
1.0000000000000006e-11 0.8567942501926873 1.0281294249102124
1.0000000000000006e-12 0.880569955392246 0.9453041189200979
1.0000000000000007e-13 0.8243847888496558 0.9934911655753765
1.0000000000000008e-14 0.871714133956453 0.9742448528065177
1.0000000000000009e-15 0.8964855042932456 0.9341108011232332
1.0000000000000008e-16 0.9177010717126347 0.9716832121842036
1.000000000000001e-17 0.8887061951511789 0.9610752141273167
1.000000000000001e-18 0.8520252067757529 1.0264601827213866
10.0 0.7479130362930544 1.4217242783327613
1.0 0.876121162603518 1.5234842625679181
0.1 0.8183083119352174 1.819032616031059
0.010000000000000002 0.8351119816771856 1.8262444681502763
0.0010000000000000002 0.8473158266306631 1.8736701465868904
0.00010000000000000002 0.8094258998714136 1.9004381378145543
1.0000000000000003e-05 0.8804013431536265 1.8764211859041993
1.0000000000000004e-06 0.8862296734880014 1.265030212032949
1.0000000000000004e-07 0.8295553656772509 1.0889142506871476
1.0000000000000005e-08 0.8699394869806195 0.9688761425335658
1.0000000000000005e-09 0.8487653733190625 1.0260455975430234
1.0000000000000006e-10 0.8497746157990665 0.969094359104018
1.0000000000000006e-11 0.8503342149424107 1.009254202947803
1.0000000000000006e-12 0.8687587301846621 0.9380705219309289
1.0000000000000007e-13 0.8342670703619653 0.9923838056866054
1.0000000000000008e-14 0.8728230041321281 0.9814349944153621
1.0000000000000009e-15 0.8948271585981468 0.9206309171406559
1.0000000000000008e-16 0.9194439428719519 0.9656222367698479
1.000000000000001e-17 0.8833929365640901 0.8682979460246051
1.000000000000001e-18 0.803252141651537 0.938405027297932
10.0 0.7765103809030018 1.4609365118382525
1.0 0.9348535552428199 1.9669927229758442
0.1 0.8768640815753641 2.026004091451597
0.010000000000000002 0.8792411232872688 1.9872680526158601
0.0010000000000000002 0.8821829699562943 1.9912969440091468
0.00010000000000000002 0.8413313391972688 2.0022936726933156
1.0000000000000003e-05 0.9182437170215368 1.9254355529467178
1.0000000000000004e-06 0.901895230093889 1.3005860079384344
1.0000000000000004e-07 0.8652564914186358 1.1319140477835892
1.0000000000000005e-08 0.9081886874102549 1.0100930349499309
1.0000000000000005e-09 0.8820502305129287 1.0919672757296925
1.0000000000000006e-10 0.8932786623658086 0.9815401833314894
1.0000000000000006e-11 0.873384903522982 1.0295507742451693
1.0000000000000006e-12 0.8358851003108398 0.8658844230452337
1.0000000000000007e-13 0.8008407274587033 1.0248329029476881
1.0000000000000008e-14 0.8540396037336486 0.9093337779740205
1.0000000000000009e-15 0.9124792605217266 0.9514353627772203
1.0000000000000008e-16 0.9225282213606615 0.9981522070995522
1.000000000000001e-17 0.9104096083896884 0.979509090203605
1.000000000000001e-18 0.887357369994119 1.0527620523723178
10.0 0.7518690776319221 1.437554836113099
1.0 0.9236306427577391 1.9222156889302768
0.1 0.8532202312202672 2.003228496550141
0.010000000000000002 0.8550375105245912 1.954121104626909
0.0010000000000000002 0.8554056282465742 1.9393479097420212
0.00010000000000000002 0.8161878919026193 1.9458867202312269
1.0000000000000003e-05 0.8999514343136181 1.956576931494857
1.0000000000000004e-06 0.8783079450418161 1.29207411908016
1.0000000000000004e-07 0.8495196205354322 1.1242850224965797
1.0000000000000005e-08 0.8715418142493305 0.9981579927171215
1.0000000000000005e-09 0.8597482767738481 1.0647003182734651
1.0000000000000006e-10 0.8553934976989434 0.9510573974871586
1.0000000000000006e-11 0.7888113960958454 1.0253951503750773
1.0000000000000006e-12 0.8498484606824156 0.9260992801782378
1.0000000000000007e-13 0.8241202826193844 1.0107542606945055
1.0000000000000008e-14 0.8814202628943861 0.9934083454687489
1.0000000000000009e-15 0.894055729978037 0.9508446830515073
1.0000000000000008e-16 0.9195987314989911 0.9741496304893208
1.000000000000001e-17 0.8500494500511123 0.9001466151474715
1.000000000000001e-18 0.8706494544700885 1.0417725279857248
10.0 0.7162928789390339 1.377941950052749
1.0 0.8574433219707792 1.7332304395492315
0.1 0.818743322473044 1.9525267155107482
0.010000000000000002 0.840471305543494 1.8057576123432142
0.0010000000000000002 0.8216556701712892 1.8530667504623617
0.00010000000000000002 0.8032768771502204 1.9366832561589717
1.0000000000000003e-05 0.8662130601749598 1.8631119270640746
1.0000000000000004e-06 0.84325668281556 1.2508129435706625
1.0000000000000004e-07 0.7373286671619804 1.0569518412587304
1.0000000000000005e-08 0.801803493589218 0.9026699532355043
1.0000000000000005e-09 0.8163428734505496 1.0176364761045817
1.0000000000000006e-10 0.8471303953935189 0.9854514232339505
1.0000000000000006e-11 0.8308937488005085 1.0094746084751118
1.0000000000000006e-12 0.8292481300448445 0.8998087182643407
1.0000000000000007e-13 0.8038210393006798 0.9349851733925254
1.0000000000000008e-14 0.8410655233877603 0.9521507145954108
1.0000000000000009e-15 0.8213157415050729 0.8622047645026369
1.0000000000000008e-16 0.9015231052686121 0.9524800971672478
1.000000000000001e-17 0.8878402968327356 0.9657705252492867
1.000000000000001e-18 0.859832629400521 1.029785668379695
10.0 0.7536023070981782 1.3841615598820114
1.0 0.8939202154101866 1.8667637887138353
0.1 0.8389956808581327 1.9308929183753518
0.010000000000000002 0.8523487685905059 1.7676351062192088
0.0010000000000000002 0.7961760586229807 1.917233650811795
0.00010000000000000002 0.7896500902618208 1.882826378668253
1.0000000000000003e-05 0.8555937820321272 1.9260204196716204
1.0000000000000004e-06 0.8793204587515375 1.265820590986154
1.0000000000000004e-07 0.8426028571875691 1.0843537597169768
1.0000000000000005e-08 0.8666598582366462 0.9780693250249657
1.0000000000000005e-09 0.8520408701513804 1.0495882692782617
1.0000000000000006e-10 0.862030149281582 0.9907592374398351
1.0000000000000006e-11 0.8516161310590371 1.01578634991731
1.0000000000000006e-12 0.8782246646348779 0.9395863948245835
1.0000000000000007e-13 0.826709535617932 0.9775843589266954
1.0000000000000008e-14 0.8765915800012163 0.9783117847593792
1.0000000000000009e-15 0.9050728380112847 0.93690945443475
1.0000000000000008e-16 0.9208013121415553 0.9681512682305957
1.000000000000001e-17 0.896510741531299 0.9496357387704658
1.000000000000001e-18 0.8619379929688514 1.0229848402172623
10.0 0.725222673964595 1.4437809976957003
1.0 0.8992385279495734 1.8483974635884937
0.1 0.8389509751603416 2.065177971083661
0.010000000000000002 0.853555941039331 2.083254835455353
0.0010000000000000002 0.8582796234177386 2.0450887835168956
0.00010000000000000002 0.7949879996910202 2.044921834137985
1.0000000000000003e-05 0.8894005383950626 2.0523982623668027
1.0000000000000004e-06 0.8651272030649916 1.3490980903076135
1.0000000000000004e-07 0.82567365418257 1.1515071855605494
1.0000000000000005e-08 0.8351918547031871 1.0280861405655837
1.0000000000000005e-09 0.8336839958465311 1.0898510800874959
1.0000000000000006e-10 0.8531708404967587 1.0559565628434968
1.0000000000000006e-11 0.8520828555665538 1.0769384656033332
1.0000000000000006e-12 0.8686026727930934 0.9976817730683394
1.0000000000000007e-13 0.8393910403076448 1.0473895251550418
1.0000000000000008e-14 0.8662891052513277 1.0383576607213605
1.0000000000000009e-15 0.8853444840266737 0.9877943225646904
1.0000000000000008e-16 0.8993633540973085 0.9159137110678961
1.000000000000001e-17 0.8880566598737181 0.9673822192836892
1.000000000000001e-18 0.8298757296379283 1.083358887455733
10.0 0.7478448787251276 1.382146170609092
1.0 0.9087426211303551 1.8789530288833667
0.1 0.8530961665325155 1.933253777738098
0.010000000000000002 0.8682751043906624 1.9444661795382452
0.0010000000000000002 0.8544410285418476 1.8862214399316874
0.00010000000000000002 0.823516253574261 1.9136333952088902
1.0000000000000003e-05 0.8812512693592038 1.8964925135629223
1.0000000000000004e-06 0.8823673512625961 1.2509699068498858
1.0000000000000004e-07 0.8378967672654982 1.0809427564606744
1.0000000000000005e-08 0.8770310021914094 0.9699523484762932
1.0000000000000005e-09 0.8544126999711318 1.0305258931509953
1.0000000000000006e-10 0.8616273236027351 0.9553222069155787
1.0000000000000006e-11 0.8557964179543712 0.9908023102493145
1.0000000000000006e-12 0.8516339209373718 0.9206689435873278
1.0000000000000007e-13 0.7266974660463168 0.9665681433154308
1.0000000000000008e-14 0.8467169621850578 0.9414213335978633
1.0000000000000009e-15 0.8676042290936377 0.8976278651837588
1.0000000000000008e-16 0.9247000885351886 0.9451910950591816
1.000000000000001e-17 0.8858278296113378 0.9376544540083839
1.000000000000001e-18 0.8641050764043999 1.003470388778837
